200.00	0.150
201.00	-1.913
202.00	-0.072
203.00	-0.399
204.00	-0.784
205.00	0.667
206.00	-0.087
207.00	0.757
208.00	1.051
209.00	-0.000
210.00	-1.033
211.00	0.137
212.00	-0.000
213.00	-0.135
214.00	-0.118
215.00	0.733
216.00	-0.848
217.00	0.244
218.00	-0.000
219.00	-0.093
220.00	-0.166
221.00	-0.002
222.00	-0.954
223.00	-0.193
224.00	0.161
225.00	0.301
226.00	-0.022
227.00	0.244
228.00	-0.000
229.00	-0.092
230.00	0.289
231.00	-0.284
232.00	0.314
233.00	0.403
234.00	-0.004
235.00	0.290
236.00	-0.452
237.00	0.047
238.00	0.318
239.00	0.246
240.00	0.495
241.00	0.034
242.00	0.656
243.00	0.034
244.00	0.306
245.00	0.158
246.00	0.350
247.00	0.441
248.00	-0.113
249.00	-0.000
250.00	1.739
251.00	-0.000
252.00	1.009
253.00	0.157
254.00	0.024
255.00	-0.000
256.00	0.520
257.00	0.296
258.00	0.392
259.00	0.254
260.00	0.062
261.00	0.002
262.00	0.175
263.00	-0.003
264.00	0.352
265.00	0.161
266.00	0.002
267.00	0.070
268.00	0.121
269.00	0.112
270.00	0.110
271.00	0.145
272.00	0.058
273.00	0.171
274.00	0.133
275.00	0.098
276.00	0.166
277.00	0.160
278.00	0.182
279.00	0.152
280.00	0.196
281.00	0.229
282.00	0.211
283.00	0.205
284.00	0.270
285.00	0.299
286.00	0.291
287.00	0.343
288.00	0.344
289.00	0.374
290.00	0.415
291.00	0.456
292.00	0.502
293.00	0.504
294.00	0.538
295.00	0.544
296.00	0.594
297.00	0.634
298.00	0.681
299.00	0.716
300.00	0.720
301.00	0.745
302.00	0.796
303.00	0.794
304.00	0.812
305.00	0.804
306.00	0.772
307.00	0.768
308.00	0.728
309.00	0.681
310.00	0.659
311.00	0.609
312.00	0.567
313.00	0.502
314.00	0.462
315.00	0.424
316.00	0.369
317.00	0.324
318.00	0.294
319.00	0.265
320.00	0.233
321.00	0.212
322.00	0.199
323.00	0.176
324.00	0.159
325.00	0.151
326.00	0.152
327.00	0.132
328.00	0.133
329.00	0.118
330.00	0.116
331.00	0.110
332.00	0.111
333.00	0.106
334.00	0.106
335.00	0.101
336.00	0.100
337.00	0.105
338.00	0.100
339.00	0.095
340.00	0.091
341.00	0.082
342.00	0.077
343.00	0.076
344.00	0.066
345.00	0.060
346.00	0.052
347.00	0.029
348.00	0.021
349.00	0.022
350.00	0.011
351.00	0.006
352.00	-0.014
353.00	-0.017
354.00	-0.023
355.00	-0.021
356.00	-0.031
357.00	-0.034
358.00	-0.035
359.00	-0.031
360.00	-0.047
361.00	-0.045
362.00	-0.053
363.00	-0.045
364.00	-0.047
365.00	-0.052
366.00	-0.054
367.00	-0.047
368.00	-0.049
369.00	-0.053
370.00	-0.055
371.00	-0.054
372.00	-0.058
373.00	-0.060
374.00	-0.057
375.00	-0.062
376.00	-0.060
377.00	-0.067
378.00	-0.061
379.00	-0.066
380.00	-0.068
381.00	-0.066
382.00	-0.063
383.00	-0.059
384.00	-0.070
385.00	-0.056
386.00	-0.055
387.00	-0.064
388.00	-0.067
389.00	-0.061
390.00	-0.057
391.00	-0.061
392.00	-0.061
393.00	-0.059
394.00	-0.063
395.00	-0.062
396.00	-0.056
397.00	-0.059
398.00	-0.061
399.00	-0.054
400.00	-0.053
401.00	-0.054
402.00	-0.057
403.00	-0.052
404.00	-0.060
405.00	-0.048
406.00	-0.053
407.00	-0.058
408.00	-0.056
409.00	-0.051
410.00	-0.053
411.00	-0.051
412.00	-0.056
413.00	-0.062
414.00	-0.056
415.00	-0.053
416.00	-0.053
417.00	-0.058
418.00	-0.053
419.00	-0.059
420.00	-0.060
421.00	-0.067
422.00	-0.063
423.00	-0.067
424.00	-0.060
425.00	-0.067
426.00	-0.066
427.00	-0.070
428.00	-0.066
429.00	-0.072
430.00	-0.061
431.00	-0.063
432.00	-0.067
433.00	-0.062
434.00	-0.065
435.00	-0.064
436.00	-0.063
437.00	-0.062
438.00	-0.065
439.00	-0.064
440.00	-0.063
441.00	-0.064
442.00	-0.059
443.00	-0.058
444.00	-0.059
445.00	-0.053
446.00	-0.059
447.00	-0.058
448.00	-0.060
449.00	-0.056
450.00	-0.055
451.00	-0.051
452.00	-0.055
453.00	-0.049
454.00	-0.050
455.00	-0.057
456.00	-0.051
457.00	-0.055
458.00	-0.056
459.00	-0.051
460.00	-0.048
461.00	-0.045
462.00	-0.047
463.00	-0.042
464.00	-0.044
465.00	-0.042
466.00	-0.043
467.00	-0.037
468.00	-0.036
469.00	-0.040
470.00	-0.036
471.00	-0.036
472.00	-0.044
473.00	-0.041
474.00	-0.031
475.00	-0.032
476.00	-0.032
477.00	-0.030
478.00	-0.032
479.00	-0.031
480.00	-0.031
481.00	-0.026
482.00	-0.029
483.00	-0.023
484.00	-0.027
485.00	-0.031
486.00	-0.019
487.00	-0.027
488.00	-0.026
489.00	-0.024
490.00	-0.022
491.00	-0.023
492.00	-0.024
493.00	-0.017
494.00	-0.024
495.00	-0.012
496.00	-0.011
497.00	-0.012
498.00	-0.013
499.00	-0.012
500.00	-0.009
501.00	-0.005
502.00	-0.005
503.00	-0.008
504.00	-0.007
505.00	-0.009
506.00	0.001
507.00	-0.004
508.00	-0.005
509.00	0.005
510.00	0.005
511.00	0.006
512.00	-0.001
513.00	-0.005
514.00	0.001
515.00	-0.001
516.00	0.005
517.00	-0.001
518.00	-0.004
519.00	0.003
520.00	0.010
521.00	0.001
522.00	0.004
523.00	-0.001
524.00	-0.002
525.00	0.001
526.00	0.007
527.00	0.009
528.00	-0.001
529.00	0.013
530.00	0.005
531.00	0.001
532.00	0.004
533.00	0.009
534.00	0.005
535.00	0.009
536.00	0.012
537.00	0.003
538.00	0.010
539.00	0.010
540.00	0.010
541.00	0.015
542.00	0.016
543.00	0.029
544.00	0.027
545.00	0.024
546.00	0.032
547.00	0.035
548.00	0.035
549.00	0.042
550.00	0.046
551.00	0.045
552.00	0.060
553.00	0.057
554.00	0.057
555.00	0.063
556.00	0.070
557.00	0.072
558.00	0.076
559.00	0.082
560.00	0.086
561.00	0.088
562.00	0.096
563.00	0.092
564.00	0.113
565.00	0.122
566.00	0.124
567.00	0.135
568.00	0.138
569.00	0.141
570.00	0.150
571.00	0.158
572.00	0.163
573.00	0.168
574.00	0.171
575.00	0.187
576.00	0.201
577.00	0.196
578.00	0.205
579.00	0.214
580.00	0.213
581.00	0.233
582.00	0.235
583.00	0.249
584.00	0.258
585.00	0.271
586.00	0.284
587.00	0.296
588.00	0.307
589.00	0.312
590.00	0.326
591.00	0.346
592.00	0.354
593.00	0.372
594.00	0.386
595.00	0.407
596.00	0.418
597.00	0.446
598.00	0.463
599.00	0.477
600.00	0.500
601.00	0.522
602.00	0.535
603.00	0.560
604.00	0.581
605.00	0.609
606.00	0.636
607.00	0.649
608.00	0.663
609.00	0.698
610.00	0.725
611.00	0.754
612.00	0.775
613.00	0.796
614.00	0.817
615.00	0.825
616.00	0.858
617.00	0.867
618.00	0.888
619.00	0.894
620.00	0.914
621.00	0.905
622.00	0.908
623.00	0.930
624.00	0.928
625.00	0.943
626.00	0.957
627.00	0.916
628.00	0.948
629.00	0.919
630.00	0.935
631.00	0.905
632.00	0.901
633.00	0.910
634.00	0.899
635.00	0.904
636.00	0.903
637.00	0.915
638.00	0.914
639.00	0.903
640.00	0.908
641.00	0.909
642.00	0.898
643.00	0.940
644.00	0.944
645.00	0.939
646.00	0.949
647.00	0.986
648.00	1.018
649.00	1.027
650.00	1.044
651.00	1.073
652.00	1.081
653.00	1.112
654.00	1.115
655.00	1.156
656.00	1.200
657.00	1.206
658.00	1.214
659.00	1.301
660.00	1.273
661.00	1.303
662.00	1.325
663.00	1.335
664.00	1.402
665.00	1.405
666.00	1.459
667.00	1.488
668.00	1.509
669.00	1.475
670.00	1.474
671.00	1.521
672.00	1.502
673.00	1.492
674.00	1.541
675.00	1.535
676.00	1.566
677.00	1.448
678.00	1.437
679.00	1.450
680.00	1.442
681.00	1.406
682.00	1.438
683.00	1.413
684.00	1.332
685.00	1.258
686.00	1.163
687.00	1.157
688.00	1.069
689.00	0.994
690.00	0.901
691.00	0.861
692.00	0.802
693.00	0.726
694.00	0.679
695.00	0.599
696.00	0.548
697.00	0.486
698.00	0.449
699.00	0.409
700.00	0.344
701.00	0.301
702.00	0.282
703.00	0.257
704.00	0.216
705.00	0.185
706.00	0.146
707.00	0.130
708.00	0.115
709.00	0.101
710.00	0.080
711.00	0.067
712.00	0.047
713.00	0.047
714.00	0.030
715.00	0.018
716.00	0.005
717.00	0.004
718.00	-0.001
719.00	-0.010
720.00	-0.017
721.00	-0.025
722.00	-0.027
723.00	-0.027
724.00	-0.031
725.00	-0.032
726.00	-0.033
727.00	-0.044
728.00	-0.046
729.00	-0.039
730.00	-0.056
731.00	-0.038
732.00	-0.052
733.00	-0.047
734.00	-0.056
735.00	-0.058
736.00	-0.057
737.00	-0.056
738.00	-0.050
739.00	-0.066
740.00	-0.048
741.00	-0.060
742.00	-0.063
743.00	-0.061
744.00	-0.060
745.00	-0.059
746.00	-0.070
747.00	-0.063
748.00	-0.073
749.00	-0.069
750.00	-0.068
751.00	-0.067
752.00	-0.070
753.00	-0.072
754.00	-0.062
755.00	-0.073
756.00	-0.064
757.00	-0.078
758.00	-0.060
759.00	-0.065
760.00	-0.079
761.00	-0.073
762.00	-0.073
763.00	-0.071
764.00	-0.066
765.00	-0.070
766.00	-0.088
767.00	-0.073
768.00	-0.080
769.00	-0.074
770.00	-0.070
771.00	-0.073
772.00	-0.073
773.00	-0.074
774.00	-0.076
775.00	-0.067
776.00	-0.078
777.00	-0.068
778.00	-0.074
779.00	-0.074
780.00	-0.079
781.00	-0.076
782.00	-0.080
783.00	-0.075
784.00	-0.072
785.00	-0.068
786.00	-0.083
787.00	-0.090
788.00	-0.087
789.00	-0.078
790.00	-0.087
791.00	-0.077
792.00	-0.083
793.00	-0.076
794.00	-0.081
795.00	-0.070
796.00	-0.076
797.00	-0.077
798.00	-0.096
799.00	-0.082
800.00	-0.078
801.00	-0.083
802.00	-0.075
803.00	-0.077
804.00	-0.072
805.00	-0.071
806.00	-0.088
807.00	-0.077
808.00	-0.077
809.00	-0.094
810.00	-0.085
811.00	-0.082
812.00	-0.071
813.00	-0.097
814.00	-0.079
815.00	-0.080
816.00	-0.074
817.00	-0.083
818.00	-0.091
819.00	-0.084
820.00	-0.082
821.00	-0.097
822.00	-0.079
823.00	-0.077
824.00	-0.091
825.00	-0.085
826.00	-0.075
827.00	-0.075
828.00	-0.086
829.00	-0.094
830.00	-0.089
831.00	-0.086
832.00	-0.077
833.00	-0.090
834.00	-0.088
835.00	-0.082
836.00	-0.106
837.00	-0.079
838.00	-0.086
839.00	-0.089
840.00	-0.079
841.00	-0.090
842.00	-0.100
843.00	-0.085
844.00	-0.083
845.00	-0.087
846.00	-0.080
847.00	-0.094
848.00	-0.095
849.00	-0.093
850.00	-0.088
